0.000000000000000000e+00 2.941085696220397949e-01 3.651782274246215820e-01
0.000000000000000000e+00 7.601228952407836914e-01 8.381687402725219727e-01
0.000000000000000000e+00 2.777698338031768799e-01 8.236750364303588867e-01
0.000000000000000000e+00 7.509744763374328613e-01 3.722621798515319824e-01
0.000000000000000000e+00 4.312655329704284668e-02 5.950919389724731445e-01
0.000000000000000000e+00 5.085004568099975586e-01 1.197718083858489990e-01
0.000000000000000000e+00 4.420198500156402588e-02 1.456207484006881714e-01
0.000000000000000000e+00 5.349634289741516113e-01 6.096147298812866211e-01
0.000000000000000000e+00 2.702845633029937744e-01 1.259855479001998901e-01
0.000000000000000000e+00 5.159142613410949707e-01 3.361848890781402588e-01
0.000000000000000000e+00 2.767131924629211426e-01 5.974823236465454102e-01
0.000000000000000000e+00 7.307606339454650879e-01 1.254683732986450195e-01
0.000000000000000000e+00 6.972025334835052490e-02 3.745500743389129639e-01
0.000000000000000000e+00 8.840078860521316528e-02 8.000862002372741699e-01
0.000000000000000000e+00 5.457816123962402344e-01 8.213308453559875488e-01
0.000000000000000000e+00 7.749593853950500488e-01 6.202717423439025879e-01
0.000000000000000000e+00 6.259120702743530273e-01 4.749519526958465576e-01
0.000000000000000000e+00 4.038848280906677246e-01 7.379043102264404297e-01
0.000000000000000000e+00 4.058902263641357422e-01 9.182562828063964844e-01
0.000000000000000000e+00 4.069855511188507080e-01 4.751323759555816650e-01
0.000000000000000000e+00 1.638477891683578491e-01 2.564253807067871094e-01
0.000000000000000000e+00 8.682826757431030273e-01 9.568734169006347656e-01
0.000000000000000000e+00 1.406697332859039307e-01 9.521471261978149414e-01
0.000000000000000000e+00 8.598995804786682129e-01 2.643311917781829834e-01
0.000000000000000000e+00 3.970035016536712646e-01 2.383498698472976685e-01
0.000000000000000000e+00 1.926041841506958008e-01 4.769218862056732178e-01
0.000000000000000000e+00 6.270499825477600098e-01 2.429625689983367920e-01
0.000000000000000000e+00 6.348206400871276855e-01 7.167643308639526367e-01
0.000000000000000000e+00 8.750270605087280273e-01 7.313465476036071777e-01
0.000000000000000000e+00 8.753668069839477539e-01 4.424561560153961182e-01
0.000000000000000000e+00 6.519192457199096680e-01 9.228285551071166992e-01
0.000000000000000000e+00 1.624272763729095459e-01 6.868039369583129883e-01
1.000000000000000000e+00 8.520594239234924316e-02 3.431984186172485352e-01
1.000000000000000000e+00 3.741667866706848145e-01 9.005653262138366699e-01
1.000000000000000000e+00 3.588221669197082520e-01 4.807610809803009033e-01
1.000000000000000000e+00 9.866395592689514160e-02 9.504042863845825195e-01
1.000000000000000000e+00 2.597458660602569580e-01 5.634725689888000488e-01
1.000000000000000000e+00 6.539571285247802734e-01 6.856034398078918457e-01
1.000000000000000000e+00 6.883826851844787598e-01 1.221354454755783081e-01
1.000000000000000000e+00 3.119764924049377441e-01 1.198889538645744324e-01
1.000000000000000000e+00 9.099692702293395996e-01 9.539204835891723633e-01
1.000000000000000000e+00 3.588861525058746338e-01 2.297129929065704346e-01
1.000000000000000000e+00 2.248370647430419922e-01 8.334749341011047363e-01
1.000000000000000000e+00 2.854223251342773438e-01 5.586900711059570312e-01
1.000000000000000000e+00 9.122787117958068848e-01 7.188148498535156250e-01
1.000000000000000000e+00 7.932559251785278320e-01 3.677890300750732422e-01
1.000000000000000000e+00 9.403200149536132812e-01 3.288230597972869873e-01
1.000000000000000000e+00 5.625689029693603516e-01 7.892462015151977539e-01
1.000000000000000000e+00 6.627736687660217285e-01 4.623642861843109131e-01
1.000000000000000000e+00 5.874538421630859375e-01 4.669677317142486572e-01
1.000000000000000000e+00 3.554677367210388184e-01 7.436485290527343750e-01
1.000000000000000000e+00 2.428303956985473633e-01 4.844875633716583252e-01
1.000000000000000000e+00 6.273806691169738770e-01 2.052169442176818848e-01
1.000000000000000000e+00 1.388234049081802368e-01 6.634525060653686523e-01
1.000000000000000000e+00 3.620690107345581055e-01 9.181084632873535156e-01
1.000000000000000000e+00 6.351705193519592285e-01 6.701870560646057129e-01
1.000000000000000000e+00 7.350980639457702637e-01 2.855160236358642578e-01
1.000000000000000000e+00 1.174468025565147400e-01 9.281857013702392578e-01
1.000000000000000000e+00 4.564594924449920654e-01 7.468610405921936035e-01
1.000000000000000000e+00 4.254205524921417236e-01 4.440764784812927246e-01
1.000000000000000000e+00 2.080789506435394287e-01 2.565999031066894531e-01
1.000000000000000000e+00 8.705917596817016602e-01 9.188155531883239746e-01
1.000000000000000000e+00 3.332540690898895264e-01 1.369733214378356934e-01
1.000000000000000000e+00 6.160532236099243164e-01 9.121839404106140137e-01
1.000000000000000000e+00 4.603169262409210205e-01 1.259060204029083252e-01
1.000000000000000000e+00 7.619220614433288574e-01 3.365693688392639160e-01
1.000000000000000000e+00 1.201911270618438721e-01 6.858221292495727539e-01
1.000000000000000000e+00 2.798989117145538330e-01 8.828072994947433472e-02
1.000000000000000000e+00 8.975991606712341309e-01 7.010988593101501465e-01
1.000000000000000000e+00 2.402308583259582520e-01 8.136949539184570312e-01
1.000000000000000000e+00 2.288897037506103516e-01 4.629948139190673828e-01
1.000000000000000000e+00 1.073102429509162903e-01 3.654751777648925781e-01
1.000000000000000000e+00 3.037568926811218262e-01 7.974886894226074219e-01
1.000000000000000000e+00 3.836213350296020508e-01 7.077777385711669922e-01
1.000000000000000000e+00 1.022955551743507385e-01 4.406097531318664551e-02
1.000000000000000000e+00 8.102280646562576294e-02 5.864884853363037109e-01
1.000000000000000000e+00 3.287241756916046143e-01 3.500727415084838867e-01
1.000000000000000000e+00 2.763735949993133545e-01 3.349126279354095459e-01
1.000000000000000000e+00 8.265287280082702637e-01 9.556545019149780273e-01
1.000000000000000000e+00 7.431333065032958984e-01 8.090327978134155273e-01
1.000000000000000000e+00 2.742666304111480713e-01 7.788127064704895020e-01
1.000000000000000000e+00 8.103860020637512207e-01 6.038016080856323242e-01
1.000000000000000000e+00 8.149293065071105957e-01 3.815801143646240234e-01
1.000000000000000000e+00 2.734815776348114014e-01 5.336263179779052734e-01
1.000000000000000000e+00 5.804589986801147461e-01 8.060389757156372070e-01
1.000000000000000000e+00 5.567728877067565918e-01 5.792053937911987305e-01
1.000000000000000000e+00 4.920805990695953369e-01 3.126136362552642822e-01
1.000000000000000000e+00 7.145926356315612793e-01 3.618801832199096680e-01
1.000000000000000000e+00 9.046554565429687500e-01 2.638145685195922852e-01
1.000000000000000000e+00 2.600612342357635498e-01 3.512437939643859863e-01
1.000000000000000000e+00 5.271025300025939941e-01 7.922728657722473145e-01
1.000000000000000000e+00 7.171159982681274414e-01 9.091302007436752319e-02
1.000000000000000000e+00 8.893582820892333984e-01 1.355283111333847046e-01
1.000000000000000000e+00 5.112704038619995117e-01 8.087158203125000000e-01
1.000000000000000000e+00 6.492105722427368164e-01 4.473370015621185303e-01
1.000000000000000000e+00 3.920203745365142822e-01 1.993557512760162354e-01
1.000000000000000000e+00 4.005196690559387207e-01 1.904017776250839233e-01
1.000000000000000000e+00 5.575140714645385742e-01 3.336896300315856934e-01
1.000000000000000000e+00 3.169339299201965332e-01 8.137902021408081055e-01
1.000000000000000000e+00 1.368172168731689453e-01 4.896814227104187012e-01
1.000000000000000000e+00 1.723890751600265503e-01 2.191108763217926025e-01
1.000000000000000000e+00 6.766093373298645020e-01 4.852482676506042480e-01
1.000000000000000000e+00 8.333640098571777344e-01 1.249536052346229553e-01
1.000000000000000000e+00 9.597060680389404297e-01 1.101263910531997681e-01
1.000000000000000000e+00 3.309085071086883545e-01 8.329511880874633789e-01
1.000000000000000000e+00 7.988425493240356445e-01 8.315696120262145996e-01
1.000000000000000000e+00 2.146330922842025757e-01 4.476506114006042480e-01
1.000000000000000000e+00 7.379294633865356445e-01 6.079279184341430664e-01
1.000000000000000000e+00 2.335663884878158569e-01 5.964333415031433105e-01
1.000000000000000000e+00 5.709987878799438477e-01 4.851913154125213623e-01
1.000000000000000000e+00 3.022023141384124756e-01 5.696489810943603516e-01
1.000000000000000000e+00 2.338383495807647705e-01 1.147708967328071594e-01
1.000000000000000000e+00 4.532231986522674561e-01 9.210196137428283691e-01
1.000000000000000000e+00 1.826001703739166260e-01 9.492087364196777344e-01
1.000000000000000000e+00 9.285598993301391602e-01 2.804314494132995605e-01
1.000000000000000000e+00 9.234243631362915039e-01 9.657338261604309082e-02
1.000000000000000000e+00 6.499701142311096191e-01 2.135839015245437622e-01
1.000000000000000000e+00 5.934342145919799805e-01 8.254454135894775391e-01
1.000000000000000000e+00 8.627755045890808105e-01 1.289556324481964111e-01
1.000000000000000000e+00 6.762728691101074219e-01 2.503058314323425293e-01
1.000000000000000000e+00 5.105211734771728516e-01 5.844658613204956055e-01
1.000000000000000000e+00 6.709101200103759766e-01 7.028786540031433105e-01
1.000000000000000000e+00 4.018552228808403015e-02 4.481681585311889648e-01
1.000000000000000000e+00 6.659012436866760254e-01 1.371712982654571533e-01
1.000000000000000000e+00 4.059653878211975098e-01 8.681837916374206543e-01
1.000000000000000000e+00 8.249736428260803223e-01 7.383556365966796875e-01
1.000000000000000000e+00 5.781423449516296387e-01 2.484532147645950317e-01
1.000000000000000000e+00 7.952978610992431641e-01 5.875411033630371094e-01
1.000000000000000000e+00 4.824997484683990479e-01 6.207249760627746582e-01
1.000000000000000000e+00 8.533346056938171387e-01 7.019953131675720215e-01
1.000000000000000000e+00 1.530710458755493164e-01 4.704006314277648926e-01
1.000000000000000000e+00 4.017973244190216064e-01 6.776459217071533203e-01
1.000000000000000000e+00 5.354838371276855469e-01 5.528849959373474121e-01
1.000000000000000000e+00 7.293845415115356445e-01 7.245172560214996338e-02
1.000000000000000000e+00 8.451387882232666016e-01 4.240658283233642578e-01
1.000000000000000000e+00 4.964058995246887207e-01 8.281882405281066895e-01
1.000000000000000000e+00 5.870389342308044434e-01 7.203193306922912598e-01
1.000000000000000000e+00 7.467334866523742676e-01 3.290112018585205078e-01
1.000000000000000000e+00 7.754748463630676270e-01 1.267371773719787598e-01
1.000000000000000000e+00 5.079709291458129883e-01 7.220633327960968018e-02
1.000000000000000000e+00 8.711791038513183594e-01 6.675219535827636719e-01
1.000000000000000000e+00 6.962246894836425781e-01 6.311872005462646484e-01
1.000000000000000000e+00 5.435145497322082520e-01 1.040631756186485291e-01
1.000000000000000000e+00 6.203225255012512207e-01 4.384052753448486328e-01
1.000000000000000000e+00 4.554464817047119141e-01 4.810617864131927490e-01
1.000000000000000000e+00 8.768645524978637695e-01 2.310825884342193604e-01
1.000000000000000000e+00 8.450795412063598633e-01 9.917190670967102051e-02
1.000000000000000000e+00 3.898991346359252930e-01 4.448718428611755371e-01
1.000000000000000000e+00 3.280852735042572021e-01 6.077350974082946777e-01
1.000000000000000000e+00 7.477792501449584961e-01 9.249696880578994751e-02
1.000000000000000000e+00 4.428826570510864258e-01 7.271924018859863281e-01
1.000000000000000000e+00 4.733618795871734619e-01 3.362748920917510986e-01
1.000000000000000000e+00 6.184967756271362305e-01 6.858442425727844238e-01
1.000000000000000000e+00 8.329611420631408691e-01 2.414599359035491943e-01
1.000000000000000000e+00 1.339954733848571777e-01 2.378026694059371948e-01
1.000000000000000000e+00 1.257821619510650635e-01 7.911933064460754395e-01
1.000000000000000000e+00 2.478253394365310669e-01 9.897264093160629272e-02
1.000000000000000000e+00 3.115986585617065430e-01 3.334676027297973633e-01
1.000000000000000000e+00 1.187311634421348572e-01 2.584705352783203125e-01
1.000000000000000000e+00 9.056211709976196289e-01 4.232325851917266846e-01
1.000000000000000000e+00 3.414798378944396973e-01 3.695564866065979004e-01
1.000000000000000000e+00 2.042902261018753052e-01 6.850091218948364258e-01
1.000000000000000000e+00 3.436592519283294678e-01 2.487955093383789062e-01
1.000000000000000000e+00 5.834402441978454590e-01 6.137972474098205566e-01
1.000000000000000000e+00 6.869799494743347168e-01 9.085639715194702148e-01
1.000000000000000000e+00 5.447439551353454590e-01 7.772714495658874512e-01
1.000000000000000000e+00 8.283966034650802612e-02 1.385866254568099976e-01
1.000000000000000000e+00 7.706531286239624023e-01 5.816035270690917969e-01
1.000000000000000000e+00 5.411660671234130859e-01 3.123774528503417969e-01
1.000000000000000000e+00 9.178890585899353027e-01 4.412275552749633789e-01
1.000000000000000000e+00 4.287419319152832031e-01 7.100028395652770996e-01
1.000000000000000000e+00 7.076301574707031250e-01 2.627447545528411865e-01
1.000000000000000000e+00 8.016063570976257324e-01 4.001381993293762207e-02
1.000000000000000000e+00 7.532753944396972656e-01 5.911661386489868164e-01
1.000000000000000000e+00 6.654998660087585449e-01 2.317545562982559204e-01
1.000000000000000000e+00 5.715776681900024414e-01 5.958012938499450684e-01
1.000000000000000000e+00 2.189294695854187012e-01 1.350906789302825928e-01
1.000000000000000000e+00 5.262736678123474121e-01 8.700510114431381226e-02
1.000000000000000000e+00 4.903538227081298828e-01 8.870797604322433472e-02
1.000000000000000000e+00 1.874988228082656860e-01 6.631429195404052734e-01
1.000000000000000000e+00 3.714051246643066406e-01 2.141063958406448364e-01
1.000000000000000000e+00 2.526109814643859863e-01 7.985183596611022949e-01
1.000000000000000000e+00 6.993858814239501953e-01 3.807179033756256104e-01
1.000000000000000000e+00 3.921262621879577637e-01 8.846316337585449219e-01
1.000000000000000000e+00 2.462047040462493896e-01 3.703447878360748291e-01
1.000000000000000000e+00 7.284547686576843262e-01 3.460468351840972900e-01
1.000000000000000000e+00 9.247227311134338379e-01 7.399011850357055664e-01
1.000000000000000000e+00 4.972625672817230225e-01 6.006410121917724609e-01
1.000000000000000000e+00 9.393041133880615234e-01 6.555047631263732910e-02
1.000000000000000000e+00 8.931559324264526367e-01 9.319756031036376953e-01
1.000000000000000000e+00 6.006976366043090820e-01 4.513446688652038574e-01
1.000000000000000000e+00 4.083097875118255615e-01 6.999251246452331543e-01
1.000000000000000000e+00 1.660859286785125732e-01 9.276374578475952148e-01
1.000000000000000000e+00 5.182301402091979980e-01 2.983672916889190674e-01
1.000000000000000000e+00 2.682994902133941650e-01 8.082985132932662964e-02
1.000000000000000000e+00 8.765302300453186035e-01 6.923601031303405762e-01
1.000000000000000000e+00 8.214792609214782715e-01 6.227243542671203613e-01
1.000000000000000000e+00 7.001641392707824707e-01 1.060253232717514038e-01
1.000000000000000000e+00 2.104657590389251709e-01 6.089453101158142090e-01
1.000000000000000000e+00 4.831248223781585693e-01 9.344257116317749023e-01
1.000000000000000000e+00 8.683520555496215820e-01 4.065607786178588867e-01
1.000000000000000000e+00 6.019408702850341797e-01 7.018963098526000977e-01
1.000000000000000000e+00 8.452721834182739258e-01 9.324740171432495117e-01
1.000000000000000000e+00 6.279434561729431152e-01 4.234376251697540283e-01
1.000000000000000000e+00 4.072661697864532471e-01 4.297686219215393066e-01
1.000000000000000000e+00 5.244095623493194580e-02 7.896319031715393066e-01
1.000000000000000000e+00 8.486313223838806152e-01 6.340216994285583496e-01
1.000000000000000000e+00 8.055455088615417480e-01 1.356104761362075806e-01
1.000000000000000000e+00 4.743842184543609619e-01 1.053986623883247375e-01
1.000000000000000000e+00 3.381258249282836914e-01 9.352756738662719727e-01
1.000000000000000000e+00 2.824546694755554199e-01 7.838424444198608398e-01
1.000000000000000000e+00 7.271664738655090332e-01 6.251578927040100098e-01
1.000000000000000000e+00 8.047556877136230469e-01 2.755106091499328613e-01
1.000000000000000000e+00 7.766056656837463379e-01 5.561062097549438477e-01
1.000000000000000000e+00 6.280480623245239258e-01 1.800932586193084717e-01
1.000000000000000000e+00 7.810890674591064453e-01 3.513506054878234863e-01
1.000000000000000000e+00 4.216598570346832275e-01 2.108437120914459229e-01
1.000000000000000000e+00 4.421850740909576416e-01 4.604568481445312500e-01
1.000000000000000000e+00 8.390529155731201172e-01 7.192961573600769043e-01
1.000000000000000000e+00 5.967779830098152161e-02 5.636150836944580078e-01
1.000000000000000000e+00 8.491041660308837891e-01 2.286351621150970459e-01
1.000000000000000000e+00 9.159456491470336914e-01 1.317374408245086670e-01
1.000000000000000000e+00 1.850976198911666870e-01 4.406577348709106445e-01
1.000000000000000000e+00 2.939196825027465820e-01 3.201260566711425781e-01
1.000000000000000000e+00 5.916424393653869629e-01 2.294077873229980469e-01
1.000000000000000000e+00 2.450418770313262939e-01 5.789861083030700684e-01
1.000000000000000000e+00 5.560278892517089844e-01 1.247545406222343445e-01
1.000000000000000000e+00 3.693844974040985107e-01 7.237965464591979980e-01
1.000000000000000000e+00 8.200445771217346191e-01 2.579027414321899414e-01
1.000000000000000000e+00 4.239495396614074707e-01 8.865032792091369629e-01
1.000000000000000000e+00 5.299985408782958984e-01 5.729873776435852051e-01
1.000000000000000000e+00 1.558124572038650513e-01 2.204699665307998657e-01
1.000000000000000000e+00 8.847994804382324219e-01 4.047214686870574951e-01
1.000000000000000000e+00 1.659070551395416260e-01 4.543265402317047119e-01
1.000000000000000000e+00 1.935272216796875000e-01 4.255164861679077148e-01
1.000000000000000000e+00 6.281331926584243774e-02 1.163313835859298706e-01
1.000000000000000000e+00 1.944821923971176147e-01 2.369453310966491699e-01
1.000000000000000000e+00 8.926293849945068359e-01 2.458690404891967773e-01
1.000000000000000000e+00 8.583658933639526367e-01 2.076972126960754395e-01
1.000000000000000000e+00 8.307977914810180664e-01 4.459415674209594727e-01
1.000000000000000000e+00 6.063643097877502441e-01 2.129753082990646362e-01
1.000000000000000000e+00 3.008741438388824463e-01 1.040887907147407532e-01
1.000000000000000000e+00 4.411636590957641602e-01 9.020766019821166992e-01
1.000000000000000000e+00 1.638669371604919434e-01 6.497596502304077148e-01
1.000000000000000000e+00 7.646985650062561035e-01 1.083507835865020752e-01
1.000000000000000000e+00 4.345238506793975830e-01 2.259840816259384155e-01
1.000000000000000000e+00 6.836668252944946289e-01 7.234729528427124023e-01
1.000000000000000000e+00 3.165808320045471191e-01 5.886288285255432129e-01
1.000000000000000000e+00 4.486945569515228271e-01 2.459111660718917847e-01
1.000000000000000000e+00 7.202793955802917480e-01 8.339287638664245605e-01
1.000000000000000000e+00 3.733179569244384766e-01 4.609454572200775146e-01
1.000000000000000000e+00 1.425655484199523926e-01 9.133515357971191406e-01
1.000000000000000000e+00 9.588233232498168945e-01 4.145867228507995605e-01
1.000000000000000000e+00 1.028939262032508850e-01 7.683373689651489258e-01
1.000000000000000000e+00 9.508533477783203125e-01 1.433698236942291260e-01
1.000000000000000000e+00 7.797069549560546875e-01 8.090495467185974121e-01
